#### JIT
./Call_7_Vehicle_3.txt
Average cost: 1203665.4
Best cost: 1119721.0
Improvement%: 0.6546868663505647
Runtime: 67.23754906654358
Solution: [4 4 7 7 0 5 2 2 5 0 1 3 3 1 0 6 6]


./Call_18_Vehicle_5.txt
Average cost: 4876271.1
Best cost: 4386289.0
Improvement%: 0.5104469059626674
Runtime: 29.751435041427612
Solution: [ 4  4 12 12 16 16  0 14  8 14  8  0 13 13 15 15  0  5  5 17 17  0  7  1
  7  1  0  6  6 18 18  2  2 10 10  3  3  9  9 11 11]


./Call_35_Vehicle_7.txt
Average cost: 12021388.3
Best cost: 10304458.0
Improvement%: 0.4396041814851254
Runtime: 36.644623041152954
Solution: [15 15 32 32 20 20  0  1 25  1 22 22 25  0  2 31 19 31 28  2 28 19  0 10
 29 17 11 10 11 29 17  0  5  5  9 24 24  9  0 16 27 26 26 27 16  0 35 35
 14 14  0  4  4 30 30 21 21 13 13 34 34 23 23  6  6  3  3  7  7 33 33 18
 18 12 12  8  8]


./Call_80_Vehicle_20.txt
Average cost: 28460947.0
Best cost: 21634509.0
Improvement%: 0.5374310778579428
Runtime: 79.36886787414551
Solution: [32 32 74 74 33 33 14 14  0 10  4 73 12 73 12 10  4  0 16 54 50 50 72 72
 16 56 54 56  0 37  7 34 37  7 34  0 58 45 28 67 28 58 67 45  0 25 79 11
 79 11 27 25 27  0 18 18 42 80 80 42  0 26 26 39 39 77 77  0 69  8 69  8
 17 17  0 51 51 15 15 48 48  0  9  3  3  9 36 36  0 62 55 62 55  0  6 75
 75  6 76 76  0  2 43 47  5  5 47  2 43  0 13 13  0 70 78 78 70 24 24  0
 64 52 64 52 65 65  0 19 21 21 19  0 44 44 29 29  0 31 60 35 46 35 46 31
 60  0 53 53 38 38  1  1 59 59 68 68 41 41 66 66 22 22 61 61 57 57 71 71
 40 40 63 63 23 23 49 49 20 20 30 30]


./Call_130_Vehicle_40.txt
Average cost: 43739075.2
Best cost: 30818103.0
Improvement%: 0.5978196332398235
Runtime: 133.4106638431549
Solution: [ 42  42  39  39  14  14   0 126 126  81  81  46  46  12  12   0  54  54
 112 112  28  28  36  36   0 113 113  62  62 110 110  30  30   0  25  25
 104 104  53  53  77  77   0 120 120  59  59 101 101  64  64   0  80  80
  89  89  48  48   0 108 108 117 117  56  56   7   7  10  10   0  84  84
  22  22  68  68  20  20   0  88  88  67  67  40  40  51  51   0  41  41
  50  50 122 122   0  32  32  90  90 125 125  35  35   0  69  69  63  63
  94  94   0  49  49  58  58  45  45  17  17   0  11  11  92  92  70  70
   0  66  66  79  79   0 123 123  95  95  91  91   0 102 102  61  61  83
  83   0  73  73  65  65 127 127   0  96  96   4   4   9   9   0  86  86
 116 116  71  71   0  31  31 128 128   0  87  87  43  43   0  75  75  76
  76   0  38  38  57  57   0 100 100  47  47   0  85  85  37  37   0   8
  52   8  78  52  78   0  44  44  13  13   0  29  29 109 109   0  23  23
 119 119  26  26   0 106 106  82  82  24  24   0   3   3  34 111  34 111
   0  74  74  55  55 118 118   0 103 103 107 107   0  97  97   0   1   1
   0  16  16  99  99   0 124 124   0 121 121  18  18   0 115 115   6   6
  15  15 105 105  93  93   5   5  21  21  60  60  27  27  72  72  98  98
 130 130   2   2 129 129  19  19  33  33 114 114]


./Call_300_Vehicle_90.txt
Average cost: 78293311.3
Best cost: 66311242.0
Improvement%: 0.6117259676562371
Runtime: 373.9854681491852
Solution: [ 90  90 298 298  17  17 106 106   0  22  21  21  45  22  45   0 195  50
 148 148  50 195   0 182 183 292  11  11 183 292 182   0  46  73  46 187
  48  73  48 187   0 258 214 214  44 289 289 258  44 140 140   0 124  59
 124 279  99  99 279  59   0 130 297 146 297 108 108 130 146   0  53 225
 113 131  53 198 198 131 225 113   0 118 186  56 226  56  25 118  25 226
  98  98 186   0  60  60 110 231 236 236 110 231   0 112 250 179 112  63
  63 250 179   0 176  34 176 125  12 125  34  12   0 227  18  18 227  94
 115  94 115   0 270 270 275 275  80  84  84  80   0 300 196 196 101 300
  91  91 101   0  95  14 102 207 167 102  14 167  95 207   0 155 155 139
 139  77 154 154  77   0  55  27  55  27 224 224   0 129 129  58 240 278
  58 240 278   0 111  81  81 111   0 200 210  40 210 283  40 200 283   0
 262 262  29  62 104 104  29  62   0 222 194 222 294 294 194   0 268 191
 263 209 209 268 263 191   0 157 157  37  37 287 287   0  51 152  28  51
 152  28 295 295   0 208 272 272 235 120 120 208 235   0  79  35 165  79
  35 165   0   5 284   5 284   0 267  20 237  20 177 100 177 267 100 237
   0  71 205 161  71 205 161   0  97   4 282   4 282  97  19  19   0 202
 247 247 107 202 107   0   8 192   8 192   0 242 296 242 243 296 132 170
 170 132 243   0 276 117 276 117  52  52   0  33  33  24 149  24 149   0
 119 244 166 166 244 119   0 218 256 189 218 256 189   0 168  88  88 173
 168 173   0  70 147  70 212 212 147   0 217 163 217 234 234 163   0  54
 197 219 219  54 197   0 204 269 230 204 230 269   0 229  47  41  47 229
  41   0   3  30   3 137 137  30   0 199 159 248 159 248 199   0  89 151
 232  89 151 232   0 153 273 273 153 142 142   0 126 126 181 133 133 181
 251 251   0 213 213 122 122   0  16 221  16 221  31  31   0  69  69 277
 259 259 277   0 114 255 184 114 184 255   0  68 156 127  68 127  42  42
 257 257 156   0 293   9   9 264 264 293   0 285 285 144 144   0 274 228
 228 274   0 180  61 185 185 180 203 203  61   0 190  93  93 190   0   2
  13   2 128 128  13   0  38 252  38 252   0 174  85 174  85   0   6 260
 216 216 260   6   0 238 238   0 175 175 178 178   0 160 160 169 169   0
 281  66  66 281   0 280 266 266 280   0 141 103 103 141   0  57 164  32
 164  57  32   0 109 109   0 121  75 121  75   0 193 193   0  72 171  72
 171   0  64 265  64 265   0 123 145  23 145 123  23   0 290 206 290 206
   0 172 172   0 220 220  10  10   7   7   0 239 239   0 288 158 158 288
   0 249 253 249 253   0  49  49   0 150 150   0  78 291 246 291 246  78
   0   1   1   0 286 116 286 116   0  82  82 254 254   0 299 299 105 105
 135 135 136 136 271 271 143 143 188 188  83  83  76  76 215 215 201 201
  43  43 241 241  15  15  92  92 138 138  67  67  36  36 233 233  39  39
 162 162  65  65  86  86  96  96 134 134 261 261  87  87  74  74 223 223
  26  26 211 211 245 245]





#### NO JIT./Call_7_Vehicle_3.txt
Average cost: 1226663.6666666667
Best cost: 1153343.0
Improvement%: 0.6443181064723796
Runtime: 69.12339186668396
Solution: [4 4 7 7 0 5 5 2 2 0 3 3 1 1 0 6 6]


./Call_18_Vehicle_5.txt
Average cost: 4399003.666666667
Best cost: 3536778.0
Improvement%: 0.6052607083520559
Runtime: 108.62793803215027
Solution: [ 3  3 15 15 12 12 16 16  0  4  4 13 13 18 18  0  5  8 17  5  8 17  0 10
 14 10 14  0  1  7  1  7  0  9  9 11 11  2  2  6  6]


./Call_7_Vehicle_3.txt
Average cost: 1262730.0
Best cost: 1262150.0
Improvement%: 0.610762885008288
Runtime: 64.59941029548645
Solution: [4 4 7 7 0 5 5 3 3 0 1 2 1 2 0 6 6]


./Call_18_Vehicle_5.txt
Average cost: 4502290.333333333
Best cost: 4174701.0
Improvement%: 0.5340622126743708
Runtime: 108.67063069343567
Solution: [ 4  4  1  1  0  8  8 17 17 13 13  0  6  6 11 11 12 12  0  7  7  5  5 14
 14  0  9  9  0  2  2 16 16  3  3 10 10 18 18 15 15]


./Call_35_Vehicle_7.txt
Average cost: 11749582.666666666
Best cost: 10814456.0
Improvement%: 0.41186854059543
Runtime: 136.96296191215515
Solution: [11 11 17 17 22 22 20 20  0 12 12 10 10 32 32 29 29  0  2  2 31 31  0  4
  4 21 21 25 25  0  9  9 33 33  5  5  0  3  3  1  1 26 26  0 14 14 35 35
  0 24 24 18 18 13 13 27 27 19 19  7  7 28 28 30 30  6  6 16 16 15 15 34
 34 23 23  8  8]


./Call_7_Vehicle_3.txt
Average cost: 1262150.0
Best cost: 1262150.0
Improvement%: 0.610762885008288
Runtime: 19.653042793273926
Solution: [4 4 7 7 0 5 5 3 3 0 1 2 1 2 0 6 6]


./Call_18_Vehicle_5.txt
Average cost: 4710139.333333333
Best cost: 4484661.0
Improvement%: 0.4994676209755996
Runtime: 8.099851846694946
Solution: [18 18 13 13  0  2  2 15 15 14 14 16 16  0  4  4 17 17  0 10 10  1  1  0
  5  5 12 12  0  6  6 11 11  3  3  7  7  9  9  8  8]


./Call_35_Vehicle_7.txt
Average cost: 11073542.666666666
Best cost: 10788885.0
Improvement%: 0.41325918932971994
Runtime: 11.625708103179932
Solution: [15 15 16 16  7  7  5  5 25 25 20 20  0 35 35 28 28 29 29  0  6  6 22 22
 31 31  0 26 26  0  9  9 24 24 32 32  0 30 30 13 13  2  2  0 14 14 17 17
  0 23 23  3  3  4  4 34 34 19 19 11 11  8  8 33 33 21 21 27 27 10 10 12
 12  1  1 18 18]


./Call_80_Vehicle_20.txt
Average cost: 24072223.333333332
Best cost: 23248863.0
Improvement%: 0.5029144641582411
Runtime: 25.70108699798584
Solution: [67 67 33 33 14 14  0  1  1 27 27 50 50 56 56  0 22 22 42 42 58 58  7  7
 10 10  0 29 29  5  5 77 77 73 73  0 37 37 16 16  0 40 40 44 44 80 80  0
 32 32 45 45 65 65 17 17  0 18 18 55 55  3  3 36 36  0 21 21 20 20  0 11
 11  9  9 69 69 72 72  0  4  4 46 46 28 28  0 61 61 74 74 48 48  0  2  2
 52 52  0 71 71 12 12 47 47  6  6  0 13 13 75 75  0  8  8 19 19 24 24  0
 70 70 78 78  0 64 64 31 31  0 63 63 49 49  0 60 60 76 76  0 53 53 30 30
 25 25 34 34 66 66 68 68 23 23 62 62 51 51 41 41 59 59 38 38 39 39 43 43
 26 26 54 54 79 79 15 15 35 35 57 57]


./Call_130_Vehicle_40.txt
Average cost: 32071855.666666668
Best cost: 30150039.0
Improvement%: 0.6065379578083172
Runtime: 49.13035178184509
Solution: [ 99  99  51  51  12  12   0  65  65  20  20  30  30   0 126 126  62  62
  18  18   7   7  64  64   0  69  69 120 120 110 110  48  48  77  77   0
  23  23   4   4  45  45  91  91  10  10  53  53   0  32  32 125 125  94
  94  14  14   0  50  50 112 112  28  28  36  36   0 114 114  63  63  81
  81  46  46   0 106 106  92  92  70  70   0  98  98  67  67  61  61 101
 101   0  21  21 104 104  56  56  39  39   0  42  42  54  54  40  40 127
 127   0  80  80  11  11  83  83   0  72  72  41  41 111 111   0 124 124
  79  79  35  35   0  84  84  90  90 122 122   0 103 103  25  25   9   9
   0  15  15  58  58  59  59   0  73  73 118 118 109 109   0 102 102 117
 117   0  87  87  47  47  71  71   0 100 100 119 119 128 128   0   6   6
  13  13  57  57   0   8   8  52  52  76  76   0  31  31   0  38  38  78
  78   0  60  60 113 113  17  17   0  27  27  97  97  43  43   0  93  93
  68  68   0  95  95  82  82  24  24   0   1   1   0  44  44  26  26   0
  74  74  55  55  37  37   0  88  88  89  89   0  66  66   0 130 130 116
 116   0  22  22   0 129 129   0  29  29   0  16  16 107 107   0 105 105
  85  85 115 115   2   2  49  49   5   5 123 123  86  86  19  19  75  75
 121 121   3   3  33  33  96  96  34  34 108 108]


./Call_300_Vehicle_90.txt
Average cost: 71467046.33333333
Best cost: 70981937.0
Improvement%: 0.5843775192363169
Runtime: 117.73866081237793
Solution: [103 103 131 131 283 283  56  56  22  22 106 106   0  74  74  84  84   0
  95  95 124 124  12  12   0 176 176 130 130   0 281 281 182 182 186 186
 140 140  17  17   0  65  65 219 219 258 258 298 298   0 111 111  14  14
 292 292   0 151 151 127 127 196 196 231 231   0 300 300 220 220  53  53
 113 113  18  18   0 279 279  42  42 275 275 187 187   0 270 270 125 125
 102 102 198 198   0 217 217 287 287 173 173  55  55   0 236 236 226 226
  73  73   0 246 246  44  44   5   5 146 146  99  99   0 141 141 163 163
 101 101   0 293 293 157 157  90  90 139 139   0 261 261 181 181   3   3
  50  50   0 241 241  28  28 289 289   0  94  94 184 184  59  59   0  48
  48 154 154   0 133 133  49  49 255 255 191 191 129 129   0  70  70 112
 112   0  82  82 211 211  81  81  34  34   0 245 245  58  58 115 115   0
 172 172   9   9  27  27   0  68  68 266 266 122 122 104 104   0 105 105
  41  41 253 253  21  21   0 214 214 167 167 203 203  51  51   0  35  35
 290 290 297 297   0 291 291  89  89   0 267 267 161 161   0  16  16 192
 192 100 100   8   8   0 197 197 296 296  20  20   0 247 247  71  71 282
 282  97  97   0 119 119 202 202 107 107   0 138 138 221 221  33  33 117
 117   0 147 147 205 205   0 193 193 285 285 132 132   0 142 142  52  52
  11  11   0 274 274 204 204 251 251   0 168 168 213 213 177 177   0 215
 215  26  26 199 199   0 237 237 153 153   0 234 234  46  46 166 166   0
 145 145  47  47   0 250 250 170 170 156 156   0 225 225  45  45  91  91
   0  23  23 121 121  32  32  60  60   0 233 233 229 229   0 143 143 195
 195  80  80   0 222 222 212 212 209 209 120 120   0  77  77 294 294   0
  96  96  19  19 148 148   0 126 126  62  62 189 189   0 150 150   7   7
 227 227   0 180 180 254 254   4   4   0 208 208 137 137  63  63   0 249
 249 259 259   0 118 118 185 185 262 262   0 276 276  40  40   0  93  93
 190 190   0 238 238 252 252   0 162 162 175 175  85  85   0 160 160  13
  13   0 299 299 260 260  38  38   0 178 178 216 216   2   2   0 239 239
   6   6   0 169 169 194 194 149 149   0 174 174 165 165   0  61  61 230
 230   0  88  88   0  78  78  69  69   0  92  92  98  98   0 116 116 284
 284   0 114 114  64  64   0 223 223 128 128   0  10  10 286 286   0  36
  36 108 108   0 171 171 144 144   0  24  24  72  72   0 265 265 268 268
   0  29  29 257 257   0 155 155 109 109 235 235   0 158 158 243 243   0
 263 263 224 224   0 188 188  79  79   0  57  57 256 256   0 179 179   1
   1   0 201 201 207 207   0 136 136  75  75   0 264 264 278 278  39  39
 295 295  54  54 244 244  37  37  25  25  15  15 280 280 273 273 183 183
 240 240 135 135 110 110 242 242 152 152 277 277 271 271 218 218  86  86
  43  43 206 206 248 248  87  87  31  31  66  66 232 232 164 164 272 272
  83  83 134 134 288 288  76  76  67  67 159 159 210 210 269 269  30  30
 200 200 228 228 123 123]


