./Call_18_Vehicle_5.txt
Average cost: 5678723.0
Best cost: 5678723.0
Improvement%: 0.4441495339953584
Runtime: 197.35665917396545
Solution: [13 13  0  1  8  8  1  0  6  6 18 18  0  5 12 12  5  0  3  3 17 17  0  4
 14 10 15  2 16  7  9 11  4 14 10 15  2 16  7  9 11]


./Call_35_Vehicle_7.txt
Average cost: 13954131.7
Best cost: 13954131.7
Improvement%: 0.2531183004228723
Runtime: 229.4315447807312
Solution: [ 3  3  0  7  7  0 32 20 20 32  0  4  4 31 31  0  2  2  5  5  0 26 26  0
  1  1  0 13  8 18 21 12 19 16 22 29 17 30  9 34 10 28  6 33 15 35 11 24
 27 14 25 23 13  8 18 21 12 19 16 22 29 17 30  9 34 10 28  6 33 15 35 11
 24 27 14 25 23]


./Call_80_Vehicle_20.txt
Average cost: 37934594.1
Best cost: 37934594.1
Improvement%: 0.24378395139980466
Runtime: 575.5190260410309
Solution: [32 32 10 10  0 21 21  0 12 12  0 16 16  0  5 17 17  5  0  4  4 26 26  0
  1  1  0 18 18  0  3  3  0  8  8  0 11 11  0 14 14  0  2  2  0 76 52 52
 76  0 19 19  0 31 31  0  6  6  0  7  7  0 42 42  0 13 37 13 37  0 66 73
 68 30 22 75 43 57 70 72 54 50 35 39 63 20 28 36 60 74 46 55 79 49 65 47
 77 25 33 51 64 34  9 71 24 62 67 48 41 69 38 44 53 61 58 80 78 29 23 27
 45 59 40 15 56 66 73 68 30 22 75 43 57 70 72 54 50 35 39 63 20 28 36 60
 74 46 55 79 49 65 47 77 25 33 51 64 34  9 71 24 62 67 48 41 69 38 44 53
 61 58 80 78 29 23 27 45 59 40 15 56]


./Call_130_Vehicle_40.txt
Average cost: 62448223.6
Best cost: 62448223.6
Improvement%: 0.21563534700246975
Runtime: 1207.2597479820251
Solution: [ 25  25   0   4   4  14  14  36  36   0  22  22   0  21  21   0   0   9
   9   0   0  29  29   0  12  12   0  30  30   0  20  20   0  10  16  16
  10   0  32  32   0  35  35  27  27   0   7   7   0   1   1   0  40  40
  39  39   0  34  34   3   3   0   0  26  26  23  23   0  18  18   0  13
  33  13  33   0  38  38   0   0   2   2   0  15  15   0  17  19  17  19
   0   6   6   0   5   5   0   0  31  31   0   0   0  37  28  28  37   0
   0  24  24   0  11  11   0   0   0   0  88  81  54 115   8  84  66  52
  91 117  43  75  73  76 112  85  83 128  90 111  48  87  68  99 121 124
 105 106  57  55  47  94  71  89  53 122 119 103 130  72 104  74  51 101
  64  50  45 113 126  97  60 129  70  69  95 110 114  42 116 123  67 125
  93  56  49 108  82 120  86  58 109  77  78  79  80  44  63  65 107  61
  59  96 118  46 127 102  92  41  98 100  62  88  81  54 115   8  84  66
  52  91 117  43  75  73  76 112  85  83 128  90 111  48  87  68  99 121
 124 105 106  57  55  47  94  71  89  53 122 119 103 130  72 104  74  51
 101  64  50  45 113 126  97  60 129  70  69  95 110 114  42 116 123  67
 125  93  56  49 108  82 120  86  58 109  77  78  79  80  44  63  65 107
  61  59  96 118  46 127 102  92  41  98 100  62]


./Call_300_Vehicle_90.txt
Average cost: 148941691.0
Best cost: 148941691.0
Improvement%: 0.1635537160094658
Runtime: 3393.731234073639
Solution: [ 34  34   0  23  23   0  14  14   0  72  72   0  29  29   0  17  17   0
  80  80   0  63  63   0  25  25   0  36  36   0  89  89   0   0 199 199
   0   0   0  68  68   0   0  84  84   0   0  45  45   0   0   0   0  79
  79   0  44  44   0   0   0   0  69  69   0   0  21  21   0  51  51  73
  73   0  55  55   0   4   4   0  22  22   0  65  65   0  11  11   0   7
   7   0  48  48   0  37  37   0  74  74   0   0   0  59  59   0   0  27
  27   0  62  62   0   9   9   0  81  81   0  26  26   0  58  90  58  90
   0  46  46   0  56  53  53  56   0   0   0  30  30   0  71  71   0  60
  60   0  47  47   0  61  61   0   6   6   0  13  13   0   0   0 153 153
   0  38  38   0   0   0 276 276   0   0   0  77  33  77  33   0   0 168
 168   0  42  42   0  41  41   0  54  54   0  50  50   0   0   0   3   3
   0   0  28  16  16  28   0  31  31   0  20  20   0   8   8   0  75  75
   0  12  12   0  32  32   0   0 245 156 256 160 232  85 280 111 106 238
 228 122 177  39 213 163 190 185 130 241  76 198 239 123 195 288 128 281
  52  88 211 174 158 132 166 272   1 178 145 215 179 223 279 114 295 104
 236  66 221 292 135  93  97  87 142 181 274 204 270 116  57 220 119 224
 154 101  64 202 214 293 108 117 203 187 299 200 105 148 175 290  91 103
 189 284 254  82 265 124 218  94 297 231  18 244 184 234 217 255 251 230
  99 182 278  15 235 212 118  83 250 209  35 257 229 275 110 296 226 176
 171  43 286 191  24  70 150 157 240 262 162 161 282 115 134 183 112 137
 180 144 141  78 172 266 196 259 109 283 252 173 125 277 107 193  19 222
  86 201 113 258 205 268 242 253 247 155 271  98 159 169 208 264 192 269
 227 129 285 164 127 197 186 237 243  95 121  10 225 126 139 291   2 138
 267  67   5 248 249 140 294 136 219 263 194 133  96 207 151 210 298 170
 260 273 261  49  40 146 149 206 246  92 289 165 152 143 233 167 287 216
 120 147 300 188 131 100 102 245 156 256 160 232  85 280 111 106 238 228
 122 177  39 213 163 190 185 130 241  76 198 239 123 195 288 128 281  52
  88 211 174 158 132 166 272   1 178 145 215 179 223 279 114 295 104 236
  66 221 292 135  93  97  87 142 181 274 204 270 116  57 220 119 224 154
 101  64 202 214 293 108 117 203 187 299 200 105 148 175 290  91 103 189
 284 254  82 265 124 218  94 297 231  18 244 184 234 217 255 251 230  99
 182 278  15 235 212 118  83 250 209  35 257 229 275 110 296 226 176 171
  43 286 191  24  70 150 157 240 262 162 161 282 115 134 183 112 137 180
 144 141  78 172 266 196 259 109 283 252 173 125 277 107 193  19 222  86
 201 113 258 205 268 242 253 247 155 271  98 159 169 208 264 192 269 227
 129 285 164 127 197 186 237 243  95 121  10 225 126 139 291   2 138 267
  67   5 248 249 140 294 136 219 263 194 133  96 207 151 210 298 170 260
 273 261  49  40 146 149 206 246  92 289 165 152 143 233 167 287 216 120
 147 300 188 131 100 102]

